0.000000 0.506536 1.000000
0.000000 0.513072 1.000000
0.000000 0.519608 1.000000
0.000000 0.526144 1.000000
0.000000 0.532680 1.000000
0.000000 0.539216 1.000000
0.000000 0.545752 1.000000
0.000000 0.552288 1.000000
0.000000 0.558824 1.000000
0.000000 0.565359 1.000000
0.000000 0.571895 1.000000
0.000000 0.578431 1.000000
0.000000 0.584967 1.000000
0.000000 0.591503 1.000000
0.000000 0.598039 1.000000
0.000000 0.603431 1.000000
0.000000 0.608333 1.000000
0.000000 0.613235 1.000000
0.000000 0.618137 1.000000
0.000000 0.623039 1.000000
0.000000 0.627941 1.000000
0.000000 0.632843 1.000000
0.000000 0.637745 1.000000
0.000000 0.642647 1.000000
0.000000 0.647549 1.000000
0.000000 0.652451 1.000000
0.000000 0.657353 1.000000
0.000000 0.662255 1.000000
0.000000 0.667157 1.000000
0.000000 0.672059 1.000000
0.000000 0.676961 1.000000
0.000000 0.681863 1.000000
0.000000 0.686765 1.000000
0.000000 0.691667 1.000000
0.000000 0.696569 1.000000
0.000000 0.701471 1.000000
0.000000 0.706373 1.000000
0.000000 0.711275 1.000000
0.000000 0.716176 1.000000
0.000000 0.721078 1.000000
0.000000 0.725980 1.000000
0.000000 0.730882 1.000000
0.000000 0.735784 1.000000
0.000000 0.740686 1.000000
0.000000 0.745588 1.000000
0.000000 0.750490 1.000000
0.000000 0.755392 1.000000
0.000000 0.760294 1.000000
0.000000 0.765196 1.000000
0.000000 0.770098 1.000000
0.000000 0.775000 1.000000
0.000000 0.779902 1.000000
0.000000 0.784804 1.000000
0.000000 0.789706 1.000000
0.000000 0.794608 1.000000
0.000000 0.799510 1.000000
0.000000 0.808824 1.000000
0.000000 0.818627 1.000000
0.000000 0.828431 1.000000
0.000000 0.838235 1.000000
0.000000 0.848039 1.000000
0.000000 0.857843 1.000000
0.000000 0.867647 1.000000
0.000000 0.877451 1.000000
0.000000 0.887255 1.000000
0.000000 0.897059 1.000000
0.000000 0.906863 1.000000
0.000000 0.916667 1.000000
0.000000 0.926471 1.000000
0.000000 0.936275 1.000000
0.000000 0.946078 1.000000
0.000000 0.955882 1.000000
0.000000 0.965686 1.000000
0.000000 0.975490 1.000000
0.000000 0.985294 1.000000
0.000000 0.995098 1.000000
0.000000 1.000000 0.993873
0.000000 1.000000 0.981618
0.000000 1.000000 0.969363
0.000000 1.000000 0.957108
0.000000 1.000000 0.944853
0.000000 1.000000 0.932598
0.000000 1.000000 0.920343
0.000000 1.000000 0.908088
0.000000 1.000000 0.895833
0.000000 1.000000 0.883578
0.000000 1.000000 0.871324
0.000000 1.000000 0.859069
0.000000 1.000000 0.846814
0.000000 1.000000 0.834559
0.000000 1.000000 0.822304
0.000000 1.000000 0.810049
0.000000 1.000000 0.797794
0.000000 1.000000 0.785539
0.000000 1.000000 0.773284
0.000000 1.000000 0.761029
0.000000 1.000000 0.748775
0.000000 1.000000 0.736520
0.000000 1.000000 0.724265
0.000000 1.000000 0.712010
0.000000 1.000000 0.699755
0.000000 1.000000 0.687500
0.000000 1.000000 0.675245
0.000000 1.000000 0.662990
0.000000 1.000000 0.650735
0.000000 1.000000 0.638480
0.000000 1.000000 0.626225
0.000000 1.000000 0.613971
0.000000 1.000000 0.601716
0.000000 1.000000 0.589461
0.000000 1.000000 0.577206
0.000000 1.000000 0.564951
0.000000 1.000000 0.552696
0.000000 1.000000 0.540441
0.000000 1.000000 0.528186
0.000000 1.000000 0.515931
0.000000 1.000000 0.503676
0.000000 1.000000 0.482843
0.000000 1.000000 0.458333
0.000000 1.000000 0.433824
0.000000 1.000000 0.409314
0.000000 1.000000 0.384804
0.000000 1.000000 0.360294
0.000000 1.000000 0.335784
0.000000 1.000000 0.311275
0.000000 1.000000 0.286765
0.000000 1.000000 0.262255
0.000000 1.000000 0.237745
0.000000 1.000000 0.213235
0.000000 1.000000 0.188725
0.000000 1.000000 0.164216
0.000000 1.000000 0.139706
0.000000 1.000000 0.115196
0.000000 1.000000 0.090686
0.000000 1.000000 0.066176
0.000000 1.000000 0.041667
0.000000 1.000000 0.017157
0.007353 1.000000 0.000000
0.031863 1.000000 0.000000
0.056373 1.000000 0.000000
0.080882 1.000000 0.000000
0.105392 1.000000 0.000000
0.129902 1.000000 0.000000
0.154412 1.000000 0.000000
0.178922 1.000000 0.000000
0.203431 1.000000 0.000000
0.227941 1.000000 0.000000
0.252451 1.000000 0.000000
0.276961 1.000000 0.000000
0.301471 1.000000 0.000000
0.325980 1.000000 0.000000
0.350490 1.000000 0.000000
0.375000 1.000000 0.000000
0.399510 1.000000 0.000000
0.424020 1.000000 0.000000
0.448529 1.000000 0.000000
0.473039 1.000000 0.000000
0.497549 1.000000 0.000000
0.522059 1.000000 0.000000
0.546569 1.000000 0.000000
0.571078 1.000000 0.000000
0.595588 1.000000 0.000000
0.620098 1.000000 0.000000
0.644608 1.000000 0.000000
0.669118 1.000000 0.000000
0.693627 1.000000 0.000000
0.718137 1.000000 0.000000
0.742647 1.000000 0.000000
0.767157 1.000000 0.000000
0.791667 1.000000 0.000000
0.816176 1.000000 0.000000
0.840686 1.000000 0.000000
0.865196 1.000000 0.000000
0.889706 1.000000 0.000000
0.914216 1.000000 0.000000
0.938725 1.000000 0.000000
0.963235 1.000000 0.000000
0.987745 1.000000 0.000000
1.000000 0.995098 0.000000
1.000000 0.985294 0.000000
1.000000 0.975490 0.000000
1.000000 0.965686 0.000000
1.000000 0.955882 0.000000
1.000000 0.946078 0.000000
1.000000 0.936275 0.000000
1.000000 0.926471 0.000000
1.000000 0.916667 0.000000
1.000000 0.906863 0.000000
1.000000 0.897059 0.000000
1.000000 0.887255 0.000000
1.000000 0.877451 0.000000
1.000000 0.867647 0.000000
1.000000 0.857843 0.000000
1.000000 0.848039 0.000000
1.000000 0.838235 0.000000
1.000000 0.828431 0.000000
1.000000 0.818627 0.000000
1.000000 0.808824 0.000000
1.000000 0.799020 0.000000
1.000000 0.789216 0.000000
1.000000 0.779412 0.000000
1.000000 0.769608 0.000000
1.000000 0.759804 0.000000
1.000000 0.750000 0.000000
1.000000 0.740196 0.000000
1.000000 0.730392 0.000000
1.000000 0.720588 0.000000
1.000000 0.710784 0.000000
1.000000 0.700980 0.000000
1.000000 0.691176 0.000000
1.000000 0.681373 0.000000
1.000000 0.671569 0.000000
1.000000 0.661765 0.000000
1.000000 0.651961 0.000000
1.000000 0.642157 0.000000
1.000000 0.632353 0.000000
1.000000 0.622549 0.000000
1.000000 0.612745 0.000000
1.000000 0.602941 0.000000
1.000000 0.589706 0.000000
1.000000 0.575000 0.000000
1.000000 0.560294 0.000000
1.000000 0.545588 0.000000
1.000000 0.530882 0.000000
1.000000 0.516176 0.000000
1.000000 0.501471 0.000000
1.000000 0.486765 0.000000
1.000000 0.472059 0.000000
1.000000 0.457353 0.000000
1.000000 0.442647 0.000000
1.000000 0.427941 0.000000
1.000000 0.413235 0.000000
1.000000 0.398529 0.000000
1.000000 0.383824 0.000000
1.000000 0.369118 0.000000
1.000000 0.354412 0.000000
1.000000 0.339706 0.000000
1.000000 0.325000 0.000000
1.000000 0.310294 0.000000
1.000000 0.294118 0.000000
1.000000 0.274510 0.000000
1.000000 0.254902 0.000000
1.000000 0.235294 0.000000
1.000000 0.215686 0.000000
1.000000 0.196078 0.000000
1.000000 0.176471 0.000000
1.000000 0.156863 0.000000
1.000000 0.137255 0.000000
1.000000 0.117647 0.000000
1.000000 0.098039 0.000000
1.000000 0.078431 0.000000
1.000000 0.058824 0.000000
1.000000 0.039216 0.000000
1.000000 0.019608 0.000000
1.000000 0.000000 0.000000
