0.089823 0.006456 0.317811
0.093372 0.008991 0.337583
0.096921 0.011526 0.357356
0.100470 0.014061 0.377128
0.104018 0.016596 0.396900
0.107567 0.019131 0.416672
0.111116 0.021666 0.436444
0.113402 0.024661 0.453405
0.112181 0.028934 0.462562
0.110960 0.033207 0.471718
0.109739 0.037480 0.480875
0.108518 0.041753 0.490031
0.107297 0.046026 0.499188
0.106077 0.050299 0.508345
0.093310 0.048762 0.519418
0.078355 0.046123 0.530854
0.063399 0.043483 0.542291
0.048444 0.040844 0.553727
0.038521 0.044423 0.564255
0.036709 0.058019 0.573320
0.034896 0.071616 0.582384
0.033083 0.085213 0.591449
0.031531 0.098939 0.600529
0.034335 0.114829 0.609876
0.037140 0.130719 0.619224
0.039944 0.146609 0.628571
0.042748 0.162499 0.637918
0.044817 0.175905 0.644815
0.046768 0.188910 0.651318
0.048719 0.201915 0.657820
0.050670 0.214921 0.664323
0.052620 0.227926 0.670825
0.054571 0.240931 0.677328
0.054902 0.250873 0.681688
0.054902 0.260190 0.685611
0.054902 0.269506 0.689534
0.054902 0.278823 0.693457
0.054902 0.288140 0.697380
0.054902 0.297456 0.701302
0.054902 0.306773 0.705225
0.054902 0.316089 0.709148
0.054570 0.324290 0.712461
0.054171 0.332266 0.715652
0.053772 0.340243 0.718842
0.053373 0.348219 0.722033
0.052975 0.356196 0.725223
0.052576 0.364172 0.728414
0.052177 0.372149 0.731604
0.051778 0.380125 0.734795
0.051379 0.388102 0.737985
0.050980 0.396078 0.741176
0.049135 0.407151 0.745482
0.047290 0.418224 0.749788
0.045444 0.429296 0.754094
0.043599 0.440369 0.758400
0.041753 0.451442 0.762706
0.039908 0.462515 0.767012
0.038447 0.473587 0.770549
0.037216 0.484660 0.773625
0.035986 0.495733 0.776701
0.034756 0.506805 0.779777
0.033526 0.517878 0.782852
0.032295 0.528951 0.785928
0.031372 0.540202 0.789119
0.031372 0.551989 0.792655
0.031372 0.563777 0.796192
0.031372 0.575565 0.799728
0.031372 0.587352 0.803265
0.031372 0.599140 0.806801
0.031372 0.610927 0.810337
0.030687 0.623918 0.813480
0.029536 0.637724 0.816356
0.028386 0.651529 0.819232
0.027235 0.665335 0.822108
0.026085 0.679140 0.824985
0.024934 0.692946 0.827861
0.023784 0.706751 0.830737
0.026666 0.720108 0.833613
0.030692 0.733339 0.836489
0.034719 0.746569 0.839365
0.038745 0.759799 0.842241
0.042772 0.773029 0.845117
0.046799 0.786260 0.847993
0.050825 0.799490 0.850869
0.054324 0.809363 0.854324
0.057802 0.819102 0.857802
0.061280 0.828840 0.861280
0.064759 0.838579 0.864758
0.068237 0.848318 0.868236
0.082456 0.857808 0.870104
0.119097 0.866782 0.868608
0.155738 0.875755 0.867113
0.192379 0.884728 0.865617
0.229019 0.893702 0.864122
0.265533 0.902641 0.862949
0.300574 0.911187 0.865513
0.335615 0.919734 0.868077
0.370656 0.928280 0.870641
0.405697 0.936827 0.873205
0.433866 0.942808 0.871790
0.454914 0.946132 0.866251
0.475963 0.949455 0.860712
0.497012 0.952779 0.855172
0.518060 0.956102 0.849633
0.539109 0.959426 0.844094
0.560157 0.962749 0.838555
0.580067 0.966073 0.835977
0.598346 0.969396 0.837639
0.616626 0.972720 0.839301
0.634905 0.976043 0.840963
0.653184 0.979367 0.842624
0.673520 0.980392 0.846403
0.694773 0.980392 0.851126
0.716027 0.980392 0.855849
0.737280 0.980392 0.860572
0.758533 0.980392 0.865295
0.778289 0.980392 0.870912
0.797431 0.980392 0.876894
0.816574 0.980392 0.882876
0.835399 0.981386 0.891242
0.853807 0.983687 0.902747
0.872215 0.985988 0.914252
0.890404 0.988235 0.925594
0.899377 0.988235 0.930081
0.908350 0.988235 0.934568
0.929249 0.990352 0.943606
0.967960 0.995631 0.959442
0.999090 0.999090 0.967395
0.993812 0.993812 0.937486
0.988534 0.988534 0.907576
0.989117 0.984708 0.882955
0.990052 0.980969 0.858651
0.990987 0.977230 0.834347
0.991921 0.973491 0.810043
0.992157 0.970828 0.784127
0.992157 0.968527 0.757667
0.992157 0.966226 0.731208
0.991807 0.964006 0.707426
0.990775 0.961943 0.688860
0.989744 0.959880 0.670295
0.988712 0.957818 0.651729
0.987488 0.953126 0.630431
0.986096 0.946170 0.606780
0.984705 0.939214 0.583129
0.983314 0.932257 0.559478
0.981923 0.925301 0.535828
0.980532 0.918345 0.512177
0.978557 0.910919 0.493902
0.976518 0.903441 0.476227
0.974478 0.895964 0.458552
0.972439 0.888486 0.440877
0.970399 0.881008 0.423201
0.968137 0.873236 0.405687
0.964398 0.863514 0.389235
0.960659 0.853793 0.372783
0.956920 0.844071 0.356332
0.953181 0.834349 0.339880
0.949443 0.824628 0.323428
0.944875 0.813580 0.312449
0.940201 0.802364 0.302167
0.935527 0.791148 0.291885
0.930854 0.779931 0.281603
0.927212 0.769870 0.273590
0.924029 0.760323 0.266589
0.920847 0.750777 0.259589
0.917665 0.741230 0.252588
0.914483 0.731684 0.245587
0.911301 0.722137 0.238587
0.907918 0.711989 0.231522
0.904357 0.701306 0.224400
0.900796 0.690624 0.217278
0.897235 0.679941 0.210156
0.893674 0.669259 0.203035
0.890136 0.658623 0.195937
0.887535 0.649953 0.189868
0.884934 0.641283 0.183799
0.882333 0.632613 0.177730
0.879732 0.623943 0.171661
0.877816 0.614072 0.167704
0.876586 0.602999 0.165859
0.875355 0.591926 0.164014
0.874125 0.580854 0.162168
0.872895 0.569781 0.160323
0.871664 0.558709 0.158478
0.870204 0.547559 0.156632
0.867128 0.535871 0.154787
0.864052 0.524183 0.152941
0.860976 0.512495 0.151096
0.857900 0.500808 0.149250
0.854825 0.489120 0.147405
0.851749 0.477432 0.145559
0.848673 0.467128 0.143714
0.845598 0.457286 0.141868
0.842522 0.447444 0.140023
0.839446 0.437601 0.138177
0.836371 0.427759 0.136332
0.833295 0.417916 0.134486
0.830220 0.407843 0.132180
0.827144 0.397386 0.129104
0.824068 0.386928 0.126028
0.820992 0.376471 0.122952
0.817917 0.366013 0.119877
0.814841 0.355556 0.116801
0.811765 0.345098 0.113725
0.808074 0.332795 0.110649
0.804383 0.320492 0.107574
0.800692 0.308189 0.104498
0.797001 0.295886 0.101422
0.793310 0.283583 0.098347
0.789619 0.271281 0.095271
0.783621 0.258593 0.092195
0.776240 0.245675 0.089120
0.768858 0.232757 0.086044
0.761476 0.219839 0.082968
0.754094 0.206921 0.079892
0.746712 0.194003 0.076817
0.739177 0.182007 0.074048
0.731180 0.172780 0.072203
0.723183 0.163553 0.070358
0.715186 0.154325 0.068512
0.707189 0.145098 0.066667
0.699192 0.135871 0.064821
0.691196 0.126643 0.062976
0.680507 0.116878 0.060054
0.669435 0.107036 0.056978
0.658362 0.097193 0.053902
0.647290 0.087351 0.050827
0.636217 0.077509 0.047751
0.625144 0.067666 0.044675
0.613691 0.059787 0.045438
0.601858 0.053870 0.050040
0.590025 0.047953 0.054642
0.578192 0.042037 0.059244
0.566358 0.036120 0.063846
0.554525 0.030204 0.068447
0.541022 0.026251 0.072588
0.526066 0.024008 0.076327
0.511111 0.021765 0.080065
0.496155 0.019521 0.083804
0.481200 0.017278 0.087543
0.467113 0.015107 0.090775
0.455148 0.013113 0.092769
0.443183 0.011119 0.094764
0.431219 0.009125 0.096758
0.419254 0.007131 0.098752
0.407289 0.005136 0.100746
0.390138 0.003739 0.100500
0.364900 0.003272 0.096761
0.339662 0.002804 0.093022
0.314424 0.002337 0.089283
0.289186 0.001869 0.085544
0.263949 0.001402 0.081805
0.238711 0.000935 0.078066
0.213473 0.000467 0.074327
0.188235 0.000000 0.070588
