0.23137 0.29804 0.75294
0.2358 0.30493 0.75885
0.24023 0.31182 0.76475
0.24466 0.31871 0.77066
0.24909 0.3256 0.77656
0.25352 0.33249 0.78247
0.25795 0.33938 0.78837
0.26238 0.34627 0.79428
0.26681 0.35316 0.80017
0.27123 0.36005 0.80558
0.27566 0.36694 0.811
0.28009 0.37383 0.81641
0.28452 0.38072 0.82182
0.28895 0.3876 0.82724
0.29338 0.39449 0.83265
0.29781 0.40138 0.83806
0.30227 0.40824 0.84344
0.30719 0.41464 0.84837
0.31211 0.42104 0.85329
0.31703 0.42744 0.85821
0.32195 0.43383 0.86313
0.32687 0.44023 0.86805
0.3318 0.44663 0.87297
0.33672 0.45303 0.87789
0.34168 0.45942 0.88277
0.3471 0.46582 0.8872
0.35251 0.47222 0.89163
0.35792 0.47862 0.89606
0.36334 0.48501 0.90048
0.36875 0.49141 0.90491
0.37416 0.49781 0.90934
0.37958 0.50421 0.91377
0.38493 0.51054 0.91808
0.38985 0.51645 0.92152
0.39477 0.52235 0.92497
0.39969 0.52826 0.92841
0.40461 0.53416 0.93186
0.40953 0.54007 0.9353
0.41446 0.54597 0.93875
0.41938 0.55188 0.94219
0.42438 0.55779 0.94556
0.42979 0.56369 0.94851
0.4352 0.5696 0.95146
0.44062 0.5755 0.95442
0.44603 0.58141 0.95737
0.45144 0.58731 0.96032
0.45686 0.59322 0.96328
0.46227 0.59912 0.96623
0.46768 0.60494 0.969
0.47309 0.61035 0.97097
0.47851 0.61576 0.97293
0.48392 0.62118 0.9749
0.48933 0.62659 0.97687
0.49475 0.632 0.97884
0.50016 0.63742 0.98081
0.50557 0.64283 0.98278
0.51099 0.64824 0.98464
0.5164 0.65366 0.98611
0.52181 0.65907 0.98759
0.52723 0.66448 0.98907
0.53264 0.6699 0.99054
0.53805 0.67531 0.99202
0.54347 0.68072 0.99349
0.54888 0.68614 0.99497
0.55429 0.6913 0.9962
0.55971 0.69573 0.99669
0.56512 0.70016 0.99719
0.57053 0.70459 0.99768
0.57595 0.70902 0.99817
0.58136 0.71345 0.99866
0.58677 0.71788 0.99915
0.59219 0.72231 0.99965
0.5976 0.72674 1
0.60301 0.73116 1
0.60843 0.73559 1
0.61384 0.74002 1
0.61925 0.74445 1
0.62467 0.74888 1
0.63008 0.75331 1
0.63549 0.75774 1
0.64091 0.76186 0.99969
0.64632 0.76531 0.99871
0.65173 0.76875 0.99772
0.65715 0.7722 0.99674
0.66256 0.77564 0.99576
0.66797 0.77908 0.99477
0.67339 0.78253 0.99379
0.6788 0.78597 0.9928
0.68404 0.78942 0.99148
0.68897 0.79286 0.98951
0.69389 0.79631 0.98754
0.69881 0.79975 0.98557
0.70373 0.8032 0.98361
0.70865 0.80664 0.98164
0.71357 0.81009 0.97967
0.71849 0.81353 0.9777
0.72341 0.81661 0.97555
0.72834 0.81907 0.97309
0.73326 0.82153 0.97063
0.73818 0.82399 0.96817
0.7431 0.82645 0.96571
0.74802 0.82891 0.96324
0.75294 0.83137 0.96078
0.75786 0.83383 0.95832
0.76278 0.83609 0.95566
0.7677 0.83806 0.95271
0.77263 0.84003 0.94976
0.77755 0.842 0.94681
0.78247 0.84397 0.94385
0.78739 0.84594 0.9409
0.79231 0.8479 0.93795
0.79723 0.84987 0.93499
0.80194 0.85141 0.93161
0.80637 0.8524 0.92767
0.8108 0.85338 0.92374
0.81522 0.85436 0.9198
0.81965 0.85535 0.91586
0.82408 0.85633 0.91193
0.82851 0.85732 0.90799
0.83294 0.8583 0.90405
0.83714 0.85928 0.89988
0.84108 0.86027 0.89546
0.84501 0.86125 0.89103
0.84895 0.86224 0.8866
0.85289 0.86322 0.88217
0.85682 0.86421 0.87774
0.86076 0.86519 0.87331
0.8647 0.86617 0.86888
0.86864 0.86544 0.86371
0.87257 0.86298 0.85781
0.87651 0.86052 0.8519
0.88045 0.85805 0.846
0.88438 0.85559 0.84009
0.88832 0.85313 0.83419
0.89226 0.85067 0.82828
0.89619 0.84821 0.82238
0.89987 0.84575 0.81647
0.90331 0.84329 0.81057
0.90676 0.84083 0.80466
0.9102 0.83837 0.79875
0.91365 0.83591 0.79285
0.91709 0.83345 0.78694
0.92054 0.83099 0.78104
0.92398 0.82853 0.77513
0.92687 0.82551 0.76923
0.92933 0.82207 0.76332
0.9318 0.81862 0.75742
0.93426 0.81518 0.75151
0.93672 0.81173 0.74561
0.93918 0.80829 0.7397
0.94164 0.80484 0.73379
0.9441 0.8014 0.72789
0.94627 0.79766 0.72198
0.94824 0.79373 0.71608
0.9502 0.78979 0.71017
0.95217 0.78585 0.70427
0.95414 0.78191 0.69836
0.95611 0.77798 0.69246
0.95808 0.77404 0.68655
0.96005 0.7701 0.68065
0.9614 0.76586 0.67443
0.96238 0.76143 0.66804
0.96337 0.757 0.66164
0.96435 0.75257 0.65524
0.96534 0.74814 0.64884
0.96632 0.74371 0.64245
0.9673 0.73928 0.63605
0.96829 0.73486 0.62965
0.96863 0.7301 0.62358
0.96863 0.72518 0.61767
0.96863 0.72026 0.61176
0.96863 0.71534 0.60586
0.96863 0.71042 0.59995
0.96863 0.7055 0.59405
0.96863 0.70058 0.58814
0.96863 0.69566 0.58224
0.96863 0.6904 0.57599
0.96863 0.68498 0.5696
0.96863 0.67957 0.5632
0.96863 0.67416 0.5568
0.96863 0.66874 0.5504
0.96863 0.66333 0.54401
0.96863 0.65792 0.53761
0.96863 0.6525 0.53121
0.96757 0.64674 0.52517
0.96609 0.64083 0.51926
0.96461 0.63493 0.51336
0.96314 0.62902 0.50745
0.96166 0.62311 0.50155
0.96018 0.61721 0.49564
0.95871 0.6113 0.48973
0.95723 0.6054 0.48383
0.95576 0.59912 0.47792
0.95428 0.59273 0.47202
0.9528 0.58633 0.46611
0.95133 0.57993 0.46021
0.94985 0.57353 0.4543
0.94837 0.56714 0.4484
0.9469 0.56074 0.44249
0.94542 0.55434 0.43659
0.94318 0.54756 0.43068
0.94072 0.54067 0.42478
0.93825 0.53378 0.41887
0.93579 0.52689 0.41296
0.93333 0.52 0.40706
0.93087 0.51311 0.40115
0.92841 0.50622 0.39525
0.92595 0.49933 0.38934
0.92269 0.49204 0.38384
0.91925 0.48466 0.37842
0.9158 0.47728 0.37301
0.91236 0.4699 0.3676
0.90891 0.46251 0.36218
0.90547 0.45513 0.35677
0.90202 0.44775 0.35136
0.89858 0.44037 0.34594
0.89513 0.43257 0.34053
0.89169 0.4247 0.33512
0.88824 0.41682 0.3297
0.8848 0.40895 0.32429
0.88135 0.40108 0.31888
0.87791 0.3932 0.31346
0.87446 0.38533 0.30805
0.87102 0.37745 0.30264
0.86671 0.36958 0.29722
0.86228 0.36171 0.29181
0.85785 0.35383 0.2864
0.85343 0.34596 0.28098
0.849 0.33809 0.27557
0.84457 0.33021 0.27016
0.84014 0.32234 0.26474
0.83571 0.31446 0.25933
0.83083 0.3057 0.25436
0.82591 0.29684 0.24944
0.82099 0.28798 0.24452
0.81607 0.27912 0.2396
0.81115 0.27027 0.23468
0.80623 0.26141 0.22976
0.80131 0.25255 0.22484
0.79639 0.24369 0.21992
0.791 0.23299 0.21546
0.78559 0.22216 0.21103
0.78018 0.21133 0.2066
0.77476 0.20051 0.20217
0.76935 0.18968 0.19774
0.76394 0.17885 0.19331
0.75852 0.16803 0.18888
0.75311 0.1572 0.18445
0.74722 0.1397 0.18002
0.74131 0.12198 0.17559
0.73541 0.10427 0.17116
0.7295 0.086551 0.16674
0.7236 0.068835 0.16231
0.71769 0.051119 0.15788
0.71179 0.033403 0.15345
0.70588 0.015686 0.14902
