0 0 1
0 0.011764706 1
0 0.02745098 1
0 0.043137255 1
0 0.058823529 1
0 0.074509804 1
0 0.090196078 1
0 0.105882353 1
0 0.121568627 1
0 0.137254902 1
0 0.152941176 1
0 0.168627451 1
0 0.184313725 1
0 0.2 1
0 0.215686275 1
0 0.231372549 1
0 0.247058824 1
0 0.262745098 1
0 0.278431373 1
0 0.294117647 1
0 0.309803922 1
0 0.325490196 1
0 0.341176471 1
0 0.356862745 1
0 0.37254902 1
0 0.388235294 1
0 0.403921569 1
0 0.419607843 1
0 0.435294118 1
0 0.450980392 1
0 0.466666667 1
0 0.482352941 1
0 0.498039216 1
0 0.517647059 1
0 0.529411765 1
0 0.549019608 1
0 0.560784314 1
0 0.580392157 1
0 0.592156863 1
0 0.611764706 1
0 0.623529412 1
0 0.643137255 1
0 0.654901961 1
0 0.674509804 1
0 0.68627451 1
0 0.705882353 1
0 0.717647059 1
0 0.737254902 1
0 0.749019608 1
0 0.768627451 1
0 0.780392157 1
0 0.8 1
0 0.811764706 1
0 0.831372549 1
0 0.843137255 1
0 0.862745098 1
0 0.874509804 1
0 0.894117647 1
0 0.905882353 1
0 0.925490196 1
0 0.937254902 1
0 0.956862745 1
0 0.968627451 1
0 0.988235294 1
0 1 0.996078431
0 1 0.976470588
0 1 0.964705882
0 1 0.945098039
0 1 0.933333333
0 1 0.91372549
0 1 0.901960784
0 1 0.882352941
0 1 0.870588235
0 1 0.850980392
0 1 0.839215686
0 1 0.819607843
0 1 0.807843137
0 1 0.788235294
0 1 0.776470588
0 1 0.756862745
0 1 0.745098039
0 1 0.725490196
0 1 0.71372549
0 1 0.694117647
0 1 0.682352941
0 1 0.662745098
0 1 0.650980392
0 1 0.631372549
0 1 0.619607843
0 1 0.6
0 1 0.588235294
0 1 0.568627451
0 1 0.556862745
0 1 0.537254902
0 1 0.525490196
0 1 0.505882353
0 1 0.494117647
0 1 0.478431373
0 1 0.462745098
0 1 0.447058824
0 1 0.431372549
0 1 0.415686275
0 1 0.4
0 1 0.384313725
0 1 0.368627451
0 1 0.352941176
0 1 0.337254902
0 1 0.321568627
0 1 0.305882353
0 1 0.290196078
0 1 0.274509804
0 1 0.258823529
0 1 0.239215686
0 1 0.223529412
0 1 0.207843137
0 1 0.192156863
0 1 0.176470588
0 1 0.160784314
0 1 0.145098039
0 1 0.129411765
0 1 0.11372549
0 1 0.098039216
0 1 0.082352941
0 1 0.066666667
0 1 0.050980392
0 1 0.035294118
0 1 0.019607843
0 1 0.003921569
0.003921569 1 0
0.019607843 1 0
0.035294118 1 0
0.050980392 1 0
0.066666667 1 0
0.082352941 1 0
0.098039216 1 0
0.11372549 1 0
0.129411765 1 0
0.145098039 1 0
0.160784314 1 0
0.176470588 1 0
0.192156863 1 0
0.207843137 1 0
0.223529412 1 0
0.239215686 1 0
0.258823529 1 0
0.274509804 1 0
0.290196078 1 0
0.305882353 1 0
0.321568627 1 0
0.337254902 1 0
0.352941176 1 0
0.368627451 1 0
0.384313725 1 0
0.4 1 0
0.415686275 1 0
0.431372549 1 0
0.447058824 1 0
0.462745098 1 0
0.478431373 1 0
0.494117647 1 0
0.505882353 1 0
0.525490196 1 0
0.537254902 1 0
0.556862745 1 0
0.568627451 1 0
0.588235294 1 0
0.6 1 0
0.619607843 1 0
0.631372549 1 0
0.650980392 1 0
0.662745098 1 0
0.682352941 1 0
0.694117647 1 0
0.71372549 1 0
0.725490196 1 0
0.745098039 1 0
0.756862745 1 0
0.776470588 1 0
0.788235294 1 0
0.807843137 1 0
0.819607843 1 0
0.839215686 1 0
0.850980392 1 0
0.870588235 1 0
0.882352941 1 0
0.901960784 1 0
0.91372549 1 0
0.933333333 1 0
0.945098039 1 0
0.964705882 1 0
0.976470588 1 0
0.996078431 1 0
1 0.988235294 0
1 0.968627451 0
1 0.956862745 0
1 0.937254902 0
1 0.925490196 0
1 0.905882353 0
1 0.894117647 0
1 0.874509804 0
1 0.862745098 0
1 0.843137255 0
1 0.831372549 0
1 0.811764706 0
1 0.8 0
1 0.780392157 0
1 0.768627451 0
1 0.749019608 0
1 0.737254902 0
1 0.717647059 0
1 0.705882353 0
1 0.68627451 0
1 0.674509804 0
1 0.654901961 0
1 0.643137255 0
1 0.623529412 0
1 0.611764706 0
1 0.592156863 0
1 0.580392157 0
1 0.560784314 0
1 0.549019608 0
1 0.529411765 0
1 0.517647059 0
1 0.498039216 0
1 0.482352941 0
1 0.466666667 0
1 0.450980392 0
1 0.435294118 0
1 0.419607843 0
1 0.403921569 0
1 0.388235294 0
1 0.37254902 0
1 0.356862745 0
1 0.341176471 0
1 0.325490196 0
1 0.309803922 0
1 0.294117647 0
1 0.278431373 0
1 0.262745098 0
1 0.247058824 0
1 0.231372549 0
1 0.215686275 0
1 0.2 0
1 0.184313725 0
1 0.168627451 0
1 0.152941176 0
1 0.137254902 0
1 0.121568627 0
1 0.090196078 0
1 0.074509804 0
1 0.058823529 0
1 0.043137255 0
1 0.02745098 0
1 0.011764706 0
1 0 0
