0.000000 0.000000 0.000000
0.004552 0.004552 0.004552
0.009104 0.009104 0.009104
0.013656 0.013656 0.013656
0.018208 0.018208 0.018208
0.022760 0.022760 0.022760
0.027313 0.027313 0.027313
0.031865 0.031865 0.031865
0.036417 0.036417 0.036417
0.040969 0.040969 0.040969
0.045521 0.045521 0.045521
0.050073 0.050073 0.050073
0.054625 0.054625 0.054625
0.059177 0.059177 0.059177
0.063729 0.063729 0.063729
0.068281 0.068281 0.068281
0.072834 0.072834 0.072834
0.077386 0.077386 0.077386
0.081938 0.081938 0.081938
0.086490 0.086490 0.086490
0.091042 0.091042 0.091042
0.095594 0.095594 0.095594
0.100146 0.100146 0.100146
0.104698 0.104698 0.104698
0.109250 0.109250 0.109250
0.113802 0.113802 0.113802
0.118354 0.118354 0.118354
0.122907 0.122907 0.122907
0.127459 0.127459 0.127459
0.132011 0.132011 0.132011
0.136563 0.136563 0.136563
0.141115 0.141115 0.141115
0.145790 0.145790 0.145790
0.151326 0.151326 0.151326
0.156863 0.156863 0.156863
0.162399 0.162399 0.162399
0.167935 0.167935 0.167935
0.173472 0.173472 0.173472
0.179008 0.179008 0.179008
0.184544 0.184544 0.184544
0.190081 0.190081 0.190081
0.195617 0.195617 0.195617
0.201153 0.201153 0.201153
0.206690 0.206690 0.206690
0.212226 0.212226 0.212226
0.217762 0.217762 0.217762
0.223299 0.223299 0.223299
0.228835 0.228835 0.228835
0.234371 0.234371 0.234371
0.239908 0.239908 0.239908
0.245444 0.245444 0.245444
0.250980 0.250980 0.250980
0.256517 0.256517 0.256517
0.262053 0.262053 0.262053
0.267589 0.267589 0.267589
0.273126 0.273126 0.273126
0.278662 0.278662 0.278662
0.284198 0.284198 0.284198
0.289735 0.289735 0.289735
0.295271 0.295271 0.295271
0.300807 0.300807 0.300807
0.306344 0.306344 0.306344
0.311880 0.311880 0.311880
0.317416 0.317416 0.317416
0.322584 0.322584 0.322584
0.326644 0.326644 0.326644
0.330704 0.330704 0.330704
0.334764 0.334764 0.334764
0.338824 0.338824 0.338824
0.342884 0.342884 0.342884
0.346943 0.346943 0.346943
0.351003 0.351003 0.351003
0.355063 0.355063 0.355063
0.359123 0.359123 0.359123
0.363183 0.363183 0.363183
0.367243 0.367243 0.367243
0.371303 0.371303 0.371303
0.375363 0.375363 0.375363
0.379423 0.379423 0.379423
0.383483 0.383483 0.383483
0.387543 0.387543 0.387543
0.391603 0.391603 0.391603
0.395663 0.395663 0.395663
0.399723 0.399723 0.399723
0.403783 0.403783 0.403783
0.407843 0.407843 0.407843
0.411903 0.411903 0.411903
0.415963 0.415963 0.415963
0.420023 0.420023 0.420023
0.424083 0.424083 0.424083
0.428143 0.428143 0.428143
0.432203 0.432203 0.432203
0.436263 0.436263 0.436263
0.440323 0.440323 0.440323
0.444383 0.444383 0.444383
0.448443 0.448443 0.448443
0.452595 0.452595 0.452595
0.456901 0.456901 0.456901
0.461207 0.461207 0.461207
0.465513 0.465513 0.465513
0.469819 0.469819 0.469819
0.474125 0.474125 0.474125
0.478431 0.478431 0.478431
0.482737 0.482737 0.482737
0.487043 0.487043 0.487043
0.491349 0.491349 0.491349
0.495656 0.495656 0.495656
0.499962 0.499962 0.499962
0.504268 0.504268 0.504268
0.508574 0.508574 0.508574
0.512880 0.512880 0.512880
0.517186 0.517186 0.517186
0.521492 0.521492 0.521492
0.525798 0.525798 0.525798
0.530104 0.530104 0.530104
0.534410 0.534410 0.534410
0.538716 0.538716 0.538716
0.543022 0.543022 0.543022
0.547328 0.547328 0.547328
0.551634 0.551634 0.551634
0.555940 0.555940 0.555940
0.560246 0.560246 0.560246
0.564552 0.564552 0.564552
0.568858 0.568858 0.568858
0.573164 0.573164 0.573164
0.577470 0.577470 0.577470
0.581776 0.581776 0.581776
0.590634 0.590634 0.590634
0.595433 0.595433 0.595433
0.600231 0.600231 0.600231
0.605029 0.605029 0.605029
0.609827 0.609827 0.609827
0.614625 0.614625 0.614625
0.619423 0.619423 0.619423
0.624221 0.624221 0.624221
0.629020 0.629020 0.629020
0.633818 0.633818 0.633818
0.638616 0.638616 0.638616
0.643414 0.643414 0.643414
0.648212 0.648212 0.648212
0.653010 0.653010 0.653010
0.657809 0.657809 0.657809
0.662607 0.662607 0.662607
0.667405 0.667405 0.667405
0.672203 0.672203 0.672203
0.677001 0.677001 0.677001
0.681799 0.681799 0.681799
0.686597 0.686597 0.686597
0.691396 0.691396 0.691396
0.696194 0.696194 0.696194
0.700992 0.700992 0.700992
0.705790 0.705790 0.705790
0.710588 0.710588 0.710588
0.715386 0.715386 0.715386
0.720185 0.720185 0.720185
0.724983 0.724983 0.724983
0.729781 0.729781 0.729781
0.734579 0.734579 0.734579
0.739377 0.739377 0.739377
0.743329 0.743329 0.743329
0.746774 0.746774 0.746774
0.750219 0.750219 0.750219
0.753664 0.753664 0.753664
0.757109 0.757109 0.757109
0.760554 0.760554 0.760554
0.763998 0.763998 0.763998
0.767443 0.767443 0.767443
0.770888 0.770888 0.770888
0.774333 0.774333 0.774333
0.777778 0.777778 0.777778
0.781223 0.781223 0.781223
0.784667 0.784667 0.784667
0.788112 0.788112 0.788112
0.791557 0.791557 0.791557
0.795002 0.795002 0.795002
0.798447 0.798447 0.798447
0.801892 0.801892 0.801892
0.805336 0.805336 0.805336
0.808781 0.808781 0.808781
0.812226 0.812226 0.812226
0.815671 0.815671 0.815671
0.819116 0.819116 0.819116
0.822561 0.822561 0.822561
0.826005 0.826005 0.826005
0.829450 0.829450 0.829450
0.832895 0.832895 0.832895
0.836340 0.836340 0.836340
0.839785 0.839785 0.839785
0.843230 0.843230 0.843230
0.846674 0.846674 0.846674
0.850119 0.850119 0.850119
0.853103 0.853103 0.853103
0.855932 0.855932 0.855932
0.858762 0.858762 0.858762
0.861592 0.861592 0.861592
0.864421 0.864421 0.864421
0.867251 0.867251 0.867251
0.870081 0.870081 0.870081
0.872910 0.872910 0.872910
0.875740 0.875740 0.875740
0.878570 0.878570 0.878570
0.881399 0.881399 0.881399
0.884229 0.884229 0.884229
0.887059 0.887059 0.887059
0.889889 0.889889 0.889889
0.892718 0.892718 0.892718
0.895548 0.895548 0.895548
0.898378 0.898378 0.898378
0.901207 0.901207 0.901207
0.904037 0.904037 0.904037
0.906867 0.906867 0.906867
0.909696 0.909696 0.909696
0.912526 0.912526 0.912526
0.915356 0.915356 0.915356
0.918185 0.918185 0.918185
0.921015 0.921015 0.921015
0.923845 0.923845 0.923845
0.926674 0.926674 0.926674
0.929504 0.929504 0.929504
0.932334 0.932334 0.932334
0.935163 0.935163 0.935163
0.937993 0.937993 0.937993
0.940823 0.940823 0.940823
0.942791 0.942791 0.942791
0.944637 0.944637 0.944637
0.946482 0.946482 0.946482
0.948328 0.948328 0.948328
0.950173 0.950173 0.950173
0.952018 0.952018 0.952018
0.953864 0.953864 0.953864
0.955709 0.955709 0.955709
0.957555 0.957555 0.957555
0.959400 0.959400 0.959400
0.961246 0.961246 0.961246
0.963091 0.963091 0.963091
0.964937 0.964937 0.964937
0.966782 0.966782 0.966782
0.968627 0.968627 0.968627
0.970473 0.970473 0.970473
0.972318 0.972318 0.972318
0.974164 0.974164 0.974164
0.976009 0.976009 0.976009
0.977855 0.977855 0.977855
0.979700 0.979700 0.979700
0.981546 0.981546 0.981546
0.983391 0.983391 0.983391
0.985236 0.985236 0.985236
0.987082 0.987082 0.987082
0.988927 0.988927 0.988927
0.990773 0.990773 0.990773
0.992618 0.992618 0.992618
0.994464 0.994464 0.994464
0.996309 0.996309 0.996309
0.998155 0.998155 0.998155
1.000000 1.000000 1.000000
